$ 1 0.000005 10.20027730826997 50 5 50 5e-11
r 528 256 800 256 0 460
r 528 368 800 368 0 710
w 528 256 384 256 0
S 384 256 272 256 0 0 false 0 2
w 272 272 240 272 0
w 240 272 240 576 0
S 384 368 272 368 0 0 false 0 2
w 384 368 528 368 0
w 272 384 240 384 0
v 144 432 144 352 0 0 40 3.3 0 0 0.5
w 144 432 144 576 0
w 144 576 240 576 0
w 144 352 144 240 0
w 144 240 272 240 0
w 272 352 144 352 0
p 800 256 928 256 3 0 0
w 800 368 800 256 0
w 800 368 800 432 0
r 800 432 800 544 0 75
w 800 544 800 576 0
w 800 576 240 576 0
